-------------------------------------------------------
|  Seed  |  Average Deviation  |  Standard Deviation  |
-------------------------------------------------------
|   1    |          614        |        193           |
-------------------------------------------------------
|   20    |          643        |        224           |
-------------------------------------------------------
|   3    |          654        |        188           |
-------------------------------------------------------
|   5    |          615        |        205           |
-------------------------------------------------------
|   6    |          657        |        212           |
-------------------------------------------------------
|   2    |          638        |        207           |
-------------------------------------------------------
|   10    |          616        |        217           |
-------------------------------------------------------
|   5    |          626        |        206           |
-------------------------------------------------------
|   25    |          648        |        210           |
-------------------------------------------------------
|   26    |          639        |        212           |
-------------------------------------------------------
|   21    |          629        |        212           |
-------------------------------------------------------
|   18    |          625        |        208           |
-------------------------------------------------------
|   26    |          632        |        215           |
-------------------------------------------------------
|   13    |          624        |        214           |
-------------------------------------------------------
|   11    |          619        |        224           |
-------------------------------------------------------
|   30    |          623        |        218           |
-------------------------------------------------------
|   1    |          632        |        221           |
-------------------------------------------------------
|   2    |          634        |        223           |
-------------------------------------------------------
|   10    |          626        |        226           |
-------------------------------------------------------
|   11    |          629        |        221           |
-------------------------------------------------------
|   17    |          632        |        217           |
-------------------------------------------------------
|   19    |          630        |        214           |
-------------------------------------------------------
|   27    |          616        |        228           |
-------------------------------------------------------
|   4    |          615        |        227           |
-------------------------------------------------------
|   8    |          618        |        224           |
-------------------------------------------------------
|   3    |          614        |        223           |
-------------------------------------------------------
|   22    |          609        |        224           |
-------------------------------------------------------
|   15    |          609        |        220           |
-------------------------------------------------------
|   23    |          604        |        219           |
-------------------------------------------------------
|   28    |          602        |        219           |
-------------------------------------------------------
