-------------------------------------------------------
|  Seed  |  Average Deviation  |  Standard Deviation  |
-------------------------------------------------------
|   1    |          1117        |        54           |
-------------------------------------------------------
|   20    |          1122        |        58           |
-------------------------------------------------------
|   3    |          1115        |        55           |
-------------------------------------------------------
|   5    |          1113        |        55           |
-------------------------------------------------------
|   6    |          1113        |        54           |
-------------------------------------------------------
|   2    |          1110        |        53           |
-------------------------------------------------------
|   10    |          1108        |        53           |
-------------------------------------------------------
|   5    |          1109        |        54           |
-------------------------------------------------------
|   25    |          1110        |        54           |
-------------------------------------------------------
|   26    |          1109        |        54           |
-------------------------------------------------------
|   21    |          1108        |        53           |
-------------------------------------------------------
|   18    |          1107        |        54           |
-------------------------------------------------------
|   26    |          1107        |        53           |
-------------------------------------------------------
|   13    |          1106        |        52           |
-------------------------------------------------------
|   11    |          1105        |        52           |
-------------------------------------------------------
|   30    |          1106        |        51           |
-------------------------------------------------------
|   1    |          1106        |        51           |
-------------------------------------------------------
|   2    |          1107        |        52           |
-------------------------------------------------------
|   10    |          1106        |        52           |
-------------------------------------------------------
|   11    |          1107        |        52           |
-------------------------------------------------------
|   17    |          1107        |        52           |
-------------------------------------------------------
|   19    |          1107        |        52           |
-------------------------------------------------------
|   27    |          1108        |        52           |
-------------------------------------------------------
|   4    |          1108        |        52           |
-------------------------------------------------------
|   8    |          1109        |        52           |
-------------------------------------------------------
|   3    |          1108        |        52           |
-------------------------------------------------------
|   22    |          1108        |        52           |
-------------------------------------------------------
|   15    |          1109        |        52           |
-------------------------------------------------------
|   23    |          1108        |        53           |
-------------------------------------------------------
|   28    |          1108        |        52           |
